0	0.0423089	2	3	1.88197	731	1407	0.881966	731	1407	0.881966	731	1407	0.881966	2	2.5	2	1406	1407	0.5	1406	1407	0.5	1406	1407	0.5	1.88197	3	2	1381	1407	0.881966	1381	1407	0.881966	1381	1407	0.881966
1	0.0314411	2	3.11237	1.88763	732	1407	0.887627	732	1407	0.887627	732	1407	0.887627	1.88763	3.11237	2	1382	1407	0.887627	1382	1407	0.887627	1382	1407	0.887627	2	3.5	2	1407	1408	0.499999	1407	1408	0.499999	1407	1408	0.499999
2	0.00938492	2	3	1.88197	731	1407	0.881966	731	1407	0.881966	731	1407	0.881966	1.88197	3	2	1381	1407	0.881966	1381	1407	0.881966	1381	1407	0.881966	2	3.11237	1.88763	732	1407	0.887627	732	1407	0.887627	732	1407	0.887627
3	0.00893477	2	3.11237	1.88763	732	1407	0.887627	732	1407	0.887627	732	1407	0.887627	1.88197	3	2	1381	1407	0.881966	1381	1407	0.881966	1381	1407	0.881966	1.88763	3.11237	2	1382	1407	0.887627	1382	1407	0.887627	1382	1407	0.887627
4	0.0423089	3	2	1.88197	756	1432	0.881966	756	1432	0.881966	756	1432	0.881966	3	1.88197	2	1431	1432	0.881966	1431	1432	0.881966	1431	1432	0.881966	2.5	2	2	1406	1432	0.5	1406	1432	0.5	1406	1432	0.5
5	0.219408	2.35355	3	1.64645	757	1407	0.646446	757	1407	0.646446	757	1407	0.646446	3	3	1.5	757	1433	0.5	757	1433	0.5	757	1433	0.5	3	2.35355	1.64645	757	1432	0.646446	757	1432	0.646446	757	1432	0.646446
6	0.108235	3	2	1.88197	756	1432	0.881966	756	1432	0.881966	756	1432	0.881966	2.5	2	2	1406	1432	0.5	1406	1432	0.5	1406	1432	0.5	3	2.35355	1.64645	757	1432	0.646446	757	1432	0.646446	757	1432	0.646446
7	0.108235	2	3	1.88197	731	1407	0.881966	731	1407	0.881966	731	1407	0.881966	2.35355	3	1.64645	757	1407	0.646446	757	1407	0.646446	757	1407	0.646446	2	2.5	2	1406	1407	0.5	1406	1407	0.5	1406	1407	0.5
8	0.319739	3	2.35355	1.64645	757	1432	0.646446	757	1432	0.646446	757	1432	0.646446	2	2.5	2	1406	1407	0.5	1406	1407	0.5	1406	1407	0.5	2.35355	3	1.64645	757	1407	0.646446	757	1407	0.646446	757	1407	0.646446
9	0.247305	2.5	2	2	1406	1432	0.5	1406	1432	0.5	1406	1432	0.5	2	2.5	2	1406	1407	0.5	1406	1407	0.5	1406	1407	0.5	3	2.35355	1.64645	757	1432	0.646446	757	1432	0.646446	757	1432	0.646446
10	0.0238899	2	3	1.88197	731	1407	0.881966	731	1407	0.881966	731	1407	0.881966	2	3.11237	1.88763	732	1407	0.887627	732	1407	0.887627	732	1407	0.887627	2.35355	3	1.64645	757	1407	0.646446	757	1407	0.646446	757	1407	0.646446
11	0.165312	3	3.43541	1.56459	758	1433	0.564585	758	1433	0.564585	758	1433	0.564585	2.5	4	2	1408	1434	0.5	1408	1434	0.5	1408	1434	0.5	3	4	1.88197	758	1434	0.881966	758	1434	0.881966	758	1434	0.881966
12	0.155369	2.20943	3.79057	2	1408	1433	0.20943	1408	1433	0.20943	1408	1433	0.20943	2.5	4	2	1408	1434	0.5	1408	1434	0.5	1408	1434	0.5	3	3.43541	1.56459	758	1433	0.564585	758	1433	0.564585	758	1433	0.564585
13	0.097036	2.35355	3	1.64645	757	1407	0.646446	757	1407	0.646446	757	1407	0.646446	2.28868	3.28868	1.71132	758	1407	0.711325	758	1407	0.711325	758	1407	0.711325	3	3	1.5	757	1433	0.5	757	1433	0.5	757	1433	0.5
14	0.160796	2.28868	3.28868	1.71132	758	1407	0.711325	758	1407	0.711325	758	1407	0.711325	3	3.43541	1.56459	758	1433	0.564585	758	1433	0.564585	758	1433	0.564585	3	3	1.5	757	1433	0.5	757	1433	0.5	757	1433	0.5
15	0.0568334	2	3.11237	1.88763	732	1407	0.887627	732	1407	0.887627	732	1407	0.887627	2.28868	3.28868	1.71132	758	1407	0.711325	758	1407	0.711325	758	1407	0.711325	2.35355	3	1.64645	757	1407	0.646446	757	1407	0.646446	757	1407	0.646446
16	0.0730481	2	3.11237	1.88763	732	1407	0.887627	732	1407	0.887627	732	1407	0.887627	2	3.5	2	1407	1408	0.499999	1407	1408	0.499999	1407	1408	0.499999	2.28868	3.28868	1.71132	758	1407	0.711325	758	1407	0.711325	758	1407	0.711325
17	0.131407	3	3.43541	1.56459	758	1433	0.564585	758	1433	0.564585	758	1433	0.564585	2.28868	3.28868	1.71132	758	1407	0.711325	758	1407	0.711325	758	1407	0.711325	2	3.5	2	1407	1408	0.499999	1407	1408	0.499999	1407	1408	0.499999
18	0.170878	2.20943	3.79057	2	1408	1433	0.20943	1408	1433	0.20943	1408	1433	0.20943	3	3.43541	1.56459	758	1433	0.564585	758	1433	0.564585	758	1433	0.564585	2	3.5	2	1407	1408	0.499999	1407	1408	0.499999	1407	1408	0.499999
19	0.0046944	3	4.06066	1.93934	759	1434	0.93934	759	1434	0.93934	759	1434	0.93934	2.88763	4.11237	2	1409	1434	0.887627	1409	1434	0.887627	1409	1434	0.887627	3	4.11803	2	1434	1435	0.118033	1434	1435	0.118033	1434	1435	0.118033
20	0.0211786	3	4	1.88197	758	1434	0.881966	758	1434	0.881966	758	1434	0.881966	2.5	4	2	1408	1434	0.5	1408	1434	0.5	1408	1434	0.5	3	4.06066	1.93934	759	1434	0.93934	759	1434	0.93934	759	1434	0.93934
21	0.0204137	3	4.06066	1.93934	759	1434	0.93934	759	1434	0.93934	759	1434	0.93934	2.5	4	2	1408	1434	0.5	1408	1434	0.5	1408	1434	0.5	2.88763	4.11237	2	1409	1434	0.887627	1409	1434	0.887627	1409	1434	0.887627
22	0.0314411	3.11237	2	1.88763	782	1432	0.887627	782	1432	0.887627	782	1432	0.887627	3.5	2	2	1432	1458	0.499999	1432	1458	0.499999	1432	1458	0.499999	3.11237	1.88763	2	1432	1457	0.112372	1432	1457	0.112372	1432	1457	0.112372
23	0.00938492	3	2	1.88197	756	1432	0.881966	756	1432	0.881966	756	1432	0.881966	3.11237	2	1.88763	782	1432	0.887627	782	1432	0.887627	782	1432	0.887627	3	1.88197	2	1431	1432	0.881966	1431	1432	0.881966	1431	1432	0.881966
24	0.00893471	3.11237	2	1.88763	782	1432	0.887627	782	1432	0.887627	782	1432	0.887627	3.11237	1.88763	2	1432	1457	0.112372	1432	1457	0.112372	1432	1457	0.112372	3	1.88197	2	1431	1432	0.881966	1431	1432	0.881966	1431	1432	0.881966
25	0.0238899	3	2	1.88197	756	1432	0.881966	756	1432	0.881966	756	1432	0.881966	3	2.35355	1.64645	757	1432	0.646446	757	1432	0.646446	757	1432	0.646446	3.11237	2	1.88763	782	1432	0.887627	782	1432	0.887627	782	1432	0.887627
26	0.165312	4	3	1.88197	783	1459	0.881966	783	1459	0.881966	783	1459	0.881966	4	2.5	2	1458	1459	0.5	1458	1459	0.5	1458	1459	0.5	3.43541	3	1.56459	783	1433	0.564585	783	1433	0.564585	783	1433	0.564585
27	0.155369	4	2.5	2	1458	1459	0.5	1458	1459	0.5	1458	1459	0.5	3.79057	2.20943	2	1433	1458	0.790569	1433	1458	0.790569	1433	1458	0.790569	3.43541	3	1.56459	783	1433	0.564585	783	1433	0.564585	783	1433	0.564585
28	0.0730481	3.11237	2	1.88763	782	1432	0.887627	782	1432	0.887627	782	1432	0.887627	3.28868	2.28868	1.71132	783	1432	0.711325	783	1432	0.711325	783	1432	0.711325	3.5	2	2	1432	1458	0.499999	1432	1458	0.499999	1432	1458	0.499999
29	0.0568334	3	2.35355	1.64645	757	1432	0.646446	757	1432	0.646446	757	1432	0.646446	3.28868	2.28868	1.71132	783	1432	0.711325	783	1432	0.711325	783	1432	0.711325	3.11237	2	1.88763	782	1432	0.887627	782	1432	0.887627	782	1432	0.887627
30	0.097036	3	3	1.5	757	1433	0.5	757	1433	0.5	757	1433	0.5	3.28868	2.28868	1.71132	783	1432	0.711325	783	1432	0.711325	783	1432	0.711325	3	2.35355	1.64645	757	1432	0.646446	757	1432	0.646446	757	1432	0.646446
31	0.160796	3.43541	3	1.56459	783	1433	0.564585	783	1433	0.564585	783	1433	0.564585	3.28868	2.28868	1.71132	783	1432	0.711325	783	1432	0.711325	783	1432	0.711325	3	3	1.5	757	1433	0.5	757	1433	0.5	757	1433	0.5
32	0.131407	3.43541	3	1.56459	783	1433	0.564585	783	1433	0.564585	783	1433	0.564585	3.5	2	2	1432	1458	0.499999	1432	1458	0.499999	1432	1458	0.499999	3.28868	2.28868	1.71132	783	1432	0.711325	783	1432	0.711325	783	1432	0.711325
33	0.170878	3.79057	2.20943	2	1433	1458	0.790569	1433	1458	0.790569	1433	1458	0.790569	3.5	2	2	1432	1458	0.499999	1432	1458	0.499999	1432	1458	0.499999	3.43541	3	1.56459	783	1433	0.564585	783	1433	0.564585	783	1433	0.564585
34	0.0968562	3	3	1.5	757	1433	0.5	757	1433	0.5	757	1433	0.5	3	3.43541	1.56459	758	1433	0.564585	758	1433	0.564585	758	1433	0.564585	3.43541	3	1.56459	783	1433	0.564585	783	1433	0.564585	783	1433	0.564585
35	0.185931	4	3.11237	1.88763	784	1459	0.887627	784	1459	0.887627	784	1459	0.887627	3.11237	4	1.88763	784	1434	0.887627	784	1434	0.887627	784	1434	0.887627	3.5	4	2	1434	1460	0.499999	1434	1460	0.499999	1434	1460	0.499999
36	0.104735	4	3.5	2	1459	1460	0.499999	1459	1460	0.499999	1459	1460	0.499999	4	3.11237	1.88763	784	1459	0.887627	784	1459	0.887627	784	1459	0.887627	3.5	4	2	1434	1460	0.499999	1434	1460	0.499999	1434	1460	0.499999
37	0.128674	3.43541	3	1.56459	783	1433	0.564585	783	1433	0.564585	783	1433	0.564585	3.39315	3.39315	1.60685	784	1433	0.60685	784	1433	0.60685	784	1433	0.60685	4	3	1.88197	783	1459	0.881966	783	1459	0.881966	783	1459	0.881966
38	0.037949	3.39315	3.39315	1.60685	784	1433	0.60685	784	1433	0.60685	784	1433	0.60685	4	3.11237	1.88763	784	1459	0.887627	784	1459	0.887627	784	1459	0.887627	4	3	1.88197	783	1459	0.881966	783	1459	0.881966	783	1459	0.881966
39	0.0774906	3	3.43541	1.56459	758	1433	0.564585	758	1433	0.564585	758	1433	0.564585	3.39315	3.39315	1.60685	784	1433	0.60685	784	1433	0.60685	784	1433	0.60685	3.43541	3	1.56459	783	1433	0.564585	783	1433	0.564585	783	1433	0.564585
40	0.128674	3	4	1.88197	758	1434	0.881966	758	1434	0.881966	758	1434	0.881966	3.39315	3.39315	1.60685	784	1433	0.60685	784	1433	0.60685	784	1433	0.60685	3	3.43541	1.56459	758	1433	0.564585	758	1433	0.564585	758	1433	0.564585
41	0.037949	3.11237	4	1.88763	784	1434	0.887627	784	1434	0.887627	784	1434	0.887627	3.39315	3.39315	1.60685	784	1433	0.60685	784	1433	0.60685	784	1433	0.60685	3	4	1.88197	758	1434	0.881966	758	1434	0.881966	758	1434	0.881966
42	0.228033	3.39315	3.39315	1.60685	784	1433	0.60685	784	1433	0.60685	784	1433	0.60685	3.11237	4	1.88763	784	1434	0.887627	784	1434	0.887627	784	1434	0.887627	4	3.11237	1.88763	784	1459	0.887627	784	1459	0.887627	784	1459	0.887627
43	0.00469444	3	4	1.88197	758	1434	0.881966	758	1434	0.881966	758	1434	0.881966	3	4.06066	1.93934	759	1434	0.93934	759	1434	0.93934	759	1434	0.93934	3.11237	4	1.88763	784	1434	0.887627	784	1434	0.887627	784	1434	0.887627
44	0.0178419	3.11237	4	1.88763	784	1434	0.887627	784	1434	0.887627	784	1434	0.887627	3.05982	4.05982	1.94018	785	1434	0.940183	785	1434	0.940183	785	1434	0.940183	3.5	4	2	1434	1460	0.499999	1434	1460	0.499999	1434	1460	0.499999
45	0.00238012	3	4.06066	1.93934	759	1434	0.93934	759	1434	0.93934	759	1434	0.93934	3.05982	4.05982	1.94018	785	1434	0.940183	785	1434	0.940183	785	1434	0.940183	3.11237	4	1.88763	784	1434	0.887627	784	1434	0.887627	784	1434	0.887627
46	0.00249769	3	4.06066	1.93934	759	1434	0.93934	759	1434	0.93934	759	1434	0.93934	3	4.11803	2	1434	1435	0.118033	1434	1435	0.118033	1434	1435	0.118033	3.05982	4.05982	1.94018	785	1434	0.940183	785	1434	0.940183	785	1434	0.940183
47	0.0189108	3.05982	4.05982	1.94018	785	1434	0.940183	785	1434	0.940183	785	1434	0.940183	3	4.11803	2	1434	1435	0.118033	1434	1435	0.118033	1434	1435	0.118033	3.5	4	2	1434	1460	0.499999	1434	1460	0.499999	1434	1460	0.499999
48	0.00469438	4.06066	3	1.93934	809	1459	0.93934	809	1459	0.93934	809	1459	0.93934	4.11803	3	2	1459	1485	0.118033	1459	1485	0.118033	1459	1485	0.118033	4.11237	2.88763	2	1459	1484	0.112372	1459	1484	0.112372	1459	1484	0.112372
49	0.0211786	4	3	1.88197	783	1459	0.881966	783	1459	0.881966	783	1459	0.881966	4.06066	3	1.93934	809	1459	0.93934	809	1459	0.93934	809	1459	0.93934	4	2.5	2	1458	1459	0.5	1458	1459	0.5	1458	1459	0.5
50	0.0204136	4.06066	3	1.93934	809	1459	0.93934	809	1459	0.93934	809	1459	0.93934	4.11237	2.88763	2	1459	1484	0.112372	1459	1484	0.112372	1459	1484	0.112372	4	2.5	2	1458	1459	0.5	1458	1459	0.5	1458	1459	0.5
51	0.00469444	4	3	1.88197	783	1459	0.881966	783	1459	0.881966	783	1459	0.881966	4	3.11237	1.88763	784	1459	0.887627	784	1459	0.887627	784	1459	0.887627	4.06066	3	1.93934	809	1459	0.93934	809	1459	0.93934	809	1459	0.93934
52	0.00249769	4.06066	3	1.93934	809	1459	0.93934	809	1459	0.93934	809	1459	0.93934	4.05982	3.05982	1.94018	810	1459	0.940183	810	1459	0.940183	810	1459	0.940183	4.11803	3	2	1459	1485	0.118033	1459	1485	0.118033	1459	1485	0.118033
53	0.00238012	4	3.11237	1.88763	784	1459	0.887627	784	1459	0.887627	784	1459	0.887627	4.05982	3.05982	1.94018	810	1459	0.940183	810	1459	0.940183	810	1459	0.940183	4.06066	3	1.93934	809	1459	0.93934	809	1459	0.93934	809	1459	0.93934
54	0.0178419	4	3.11237	1.88763	784	1459	0.887627	784	1459	0.887627	784	1459	0.887627	4	3.5	2	1459	1460	0.499999	1459	1460	0.499999	1459	1460	0.499999	4.05982	3.05982	1.94018	810	1459	0.940183	810	1459	0.940183	810	1459	0.940183
55	0.0189108	4.05982	3.05982	1.94018	810	1459	0.940183	810	1459	0.940183	810	1459	0.940183	4	3.5	2	1459	1460	0.499999	1459	1460	0.499999	1459	1460	0.499999	4.11803	3	2	1459	1485	0.118033	1459	1485	0.118033	1459	1485	0.118033
56	0.0423089	2	2	2.5	1406	2082	0.5	1406	2082	0.5	1406	2082	0.5	2	1.88197	3	2081	2082	0.881966	2081	2082	0.881966	2081	2082	0.881966	1.88197	2	3	2056	2082	0.881966	2056	2082	0.881966	2056	2082	0.881966
57	0.219408	1.64645	3	2.35355	1407	2057	0.353553	1407	2057	0.353553	1407	2057	0.353553	1.64645	2.35355	3	2057	2082	0.646446	2057	2082	0.646446	2057	2082	0.646446	1.5	3	3	2057	2083	0.5	2057	2083	0.5	2057	2083	0.5
58	0.131782	2	2	2.5	1406	2082	0.5	1406	2082	0.5	1406	2082	0.5	1.88197	2	3	2056	2082	0.881966	2056	2082	0.881966	2056	2082	0.881966	2	2.5	2	1406	1407	0.5	1406	1407	0.5	1406	1407	0.5
59	0.234507	1.88197	2	3	2056	2082	0.881966	2056	2082	0.881966	2056	2082	0.881966	1.71133	2.71133	2.28867	1407	2056	0.288675	1407	2056	0.288675	1407	2056	0.288675	2	2.5	2	1406	1407	0.5	1406	1407	0.5	1406	1407	0.5
60	0.0951961	1.88197	3	2	1381	1407	0.881966	1381	1407	0.881966	1381	1407	0.881966	2	2.5	2	1406	1407	0.5	1406	1407	0.5	1406	1407	0.5	1.71133	2.71133	2.28867	1407	2056	0.288675	1407	2056	0.288675	1407	2056	0.288675
61	0.0614364	1.88197	3	2	1381	1407	0.881966	1381	1407	0.881966	1381	1407	0.881966	1.71133	2.71133	2.28867	1407	2056	0.288675	1407	2056	0.288675	1407	2056	0.288675	1.64645	3	2.35355	1407	2057	0.353553	1407	2057	0.353553	1407	2057	0.353553
62	0.128969	1.64645	3	2.35355	1407	2057	0.353553	1407	2057	0.353553	1407	2057	0.353553	1.71133	2.71133	2.28867	1407	2056	0.288675	1407	2056	0.288675	1407	2056	0.288675	1.88197	2	3	2056	2082	0.881966	2056	2082	0.881966	2056	2082	0.881966
63	0.157001	1.64645	2.35355	3	2057	2082	0.646446	2057	2082	0.646446	2057	2082	0.646446	1.64645	3	2.35355	1407	2057	0.353553	1407	2057	0.353553	1407	2057	0.353553	1.88197	2	3	2056	2082	0.881966	2056	2082	0.881966	2056	2082	0.881966
64	0.0238899	1.88197	3	2	1381	1407	0.881966	1381	1407	0.881966	1381	1407	0.881966	1.64645	3	2.35355	1407	2057	0.353553	1407	2057	0.353553	1407	2057	0.353553	1.88763	3.11237	2	1382	1407	0.887627	1382	1407	0.887627	1382	1407	0.887627
65	0.155369	2	3.79057	2.20943	1408	2083	0.20943	1408	2083	0.20943	1408	2083	0.20943	1.56459	3.43541	3	2058	2083	0.564585	2058	2083	0.564585	2058	2083	0.564585	2	4	2.5	1408	2084	0.5	1408	2084	0.5	1408	2084	0.5
66	0.165312	1.56459	3.43541	3	2058	2083	0.564585	2058	2083	0.564585	2058	2083	0.564585	1.88197	4	3	2058	2084	0.881966	2058	2084	0.881966	2058	2084	0.881966	2	4	2.5	1408	2084	0.5	1408	2084	0.5	1408	2084	0.5
67	0.187806	1.64645	3	2.35355	1407	2057	0.353553	1407	2057	0.353553	1407	2057	0.353553	1.5	3	3	2057	2083	0.5	2057	2083	0.5	2057	2083	0.5	2	3.5	2	1407	1408	0.499999	1407	1408	0.499999	1407	1408	0.499999
68	0.216981	1.5	3	3	2057	2083	0.5	2057	2083	0.5	2057	2083	0.5	2	3.79057	2.20943	1408	2083	0.20943	1408	2083	0.20943	1408	2083	0.20943	2	3.5	2	1407	1408	0.499999	1407	1408	0.499999	1407	1408	0.499999
69	0.0820039	1.88763	3.11237	2	1382	1407	0.887627	1382	1407	0.887627	1382	1407	0.887627	1.64645	3	2.35355	1407	2057	0.353553	1407	2057	0.353553	1407	2057	0.353553	2	3.5	2	1407	1408	0.499999	1407	1408	0.499999	1407	1408	0.499999
70	0.192918	2	3.79057	2.20943	1408	2083	0.20943	1408	2083	0.20943	1408	2083	0.20943	1.5	3	3	2057	2083	0.5	2057	2083	0.5	2057	2083	0.5	1.56459	3.43541	3	2058	2083	0.564585	2058	2083	0.564585	2058	2083	0.564585
71	0.0046944	2	4.11237	2.88763	1409	2084	0.887627	1409	2084	0.887627	1409	2084	0.887627	1.93934	4.06066	3	2059	2084	0.93934	2059	2084	0.93934	2059	2084	0.93934	2	4.11803	3	2084	2085	0.118033	2084	2085	0.118033	2084	2085	0.118033
72	0.0368314	2	4	2.5	1408	2084	0.5	1408	2084	0.5	1408	2084	0.5	1.88197	4	3	2058	2084	0.881966	2058	2084	0.881966	2058	2084	0.881966	2	4.11237	2.88763	1409	2084	0.887627	1409	2084	0.887627	1409	2084	0.887627
73	0.00470482	2	4.11237	2.88763	1409	2084	0.887627	1409	2084	0.887627	1409	2084	0.887627	1.88197	4	3	2058	2084	0.881966	2058	2084	0.881966	2058	2084	0.881966	1.93934	4.06066	3	2059	2084	0.93934	2059	2084	0.93934	2059	2084	0.93934
74	0.219408	3	1.64645	2.35355	1432	2107	0.353553	1432	2107	0.353553	1432	2107	0.353553	3	1.5	3	2107	2108	0.5	2107	2108	0.5	2107	2108	0.5	2.35355	1.64645	3	2082	2107	0.353553	2082	2107	0.353553	2082	2107	0.353553
75	0.0614364	3	1.88197	2	1431	1432	0.881966	1431	1432	0.881966	1431	1432	0.881966	3	1.64645	2.35355	1432	2107	0.353553	1432	2107	0.353553	1432	2107	0.353553	2.71133	1.71133	2.28867	1432	2081	0.288675	1432	2081	0.288675	1432	2081	0.288675
76	0.0951961	2.5	2	2	1406	1432	0.5	1406	1432	0.5	1406	1432	0.5	3	1.88197	2	1431	1432	0.881966	1431	1432	0.881966	1431	1432	0.881966	2.71133	1.71133	2.28867	1432	2081	0.288675	1432	2081	0.288675	1432	2081	0.288675
77	0.131782	2	2	2.5	1406	2082	0.5	1406	2082	0.5	1406	2082	0.5	2.5	2	2	1406	1432	0.5	1406	1432	0.5	1406	1432	0.5	2	1.88197	3	2081	2082	0.881966	2081	2082	0.881966	2081	2082	0.881966
78	0.234507	2	1.88197	3	2081	2082	0.881966	2081	2082	0.881966	2081	2082	0.881966	2.5	2	2	1406	1432	0.5	1406	1432	0.5	1406	1432	0.5	2.71133	1.71133	2.28867	1432	2081	0.288675	1432	2081	0.288675	1432	2081	0.288675
79	0.128969	3	1.64645	2.35355	1432	2107	0.353553	1432	2107	0.353553	1432	2107	0.353553	2	1.88197	3	2081	2082	0.881966	2081	2082	0.881966	2081	2082	0.881966	2.71133	1.71133	2.28867	1432	2081	0.288675	1432	2081	0.288675	1432	2081	0.288675
80	0.157001	2.35355	1.64645	3	2082	2107	0.353553	2082	2107	0.353553	2082	2107	0.353553	2	1.88197	3	2081	2082	0.881966	2081	2082	0.881966	2081	2082	0.881966	3	1.64645	2.35355	1432	2107	0.353553	1432	2107	0.353553	1432	2107	0.353553
81	0.216506	2	2.5	2	1406	1407	0.5	1406	1407	0.5	1406	1407	0.5	2.5	2	2	1406	1432	0.5	1406	1432	0.5	1406	1432	0.5	2	2	2.5	1406	2082	0.5	1406	2082	0.5	1406	2082	0.5
82	0.0482967	2	3.5	2	1407	1408	0.499999	1407	1408	0.499999	1407	1408	0.499999	2	3.79057	2.20943	1408	2083	0.20943	1408	2083	0.20943	1408	2083	0.20943	2.20943	3.79057	2	1408	1433	0.20943	1408	1433	0.20943	1408	1433	0.20943
83	0.0434477	2.20943	3.79057	2	1408	1433	0.20943	1408	1433	0.20943	1408	1433	0.20943	2	3.79057	2.20943	1408	2083	0.20943	1408	2083	0.20943	1408	2083	0.20943	2.5	4	2	1408	1434	0.5	1408	1434	0.5	1408	1434	0.5
84	0.103728	2.5	4	2	1408	1434	0.5	1408	1434	0.5	1408	1434	0.5	2	3.79057	2.20943	1408	2083	0.20943	1408	2083	0.20943	1408	2083	0.20943	2	4	2.5	1408	2084	0.5	1408	2084	0.5	1408	2084	0.5
85	0.104735	2	4	2.5	1408	2084	0.5	1408	2084	0.5	1408	2084	0.5	2.88763	4.11237	2	1409	1434	0.887627	1409	1434	0.887627	1409	1434	0.887627	2.5	4	2	1408	1434	0.5	1408	1434	0.5	1408	1434	0.5
86	0.185931	2	4.11237	2.88763	1409	2084	0.887627	1409	2084	0.887627	1409	2084	0.887627	2.88763	4.11237	2	1409	1434	0.887627	1409	1434	0.887627	1409	1434	0.887627	2	4	2.5	1408	2084	0.5	1408	2084	0.5	1408	2084	0.5
87	0.0968561	3	4.43541	2.56459	1435	2110	0.564585	1435	2110	0.564585	1435	2110	0.564585	2.56459	4.43541	3	2085	2110	0.564585	2085	2110	0.564585	2085	2110	0.564585	3	4.5	3	2110	2111	0.499999	2110	2111	0.499999	2110	2111	0.499999
88	0.239271	3	4.11803	2	1434	1435	0.118033	1434	1435	0.118033	1434	1435	0.118033	2.28868	4.28868	2.71132	1435	2084	0.711325	1435	2084	0.711325	1435	2084	0.711325	3	4.43541	2.56459	1435	2110	0.564585	1435	2110	0.564585	1435	2110	0.564585
89	0.049999	2	4.11237	2.88763	1409	2084	0.887627	1409	2084	0.887627	1409	2084	0.887627	3	4.11803	2	1434	1435	0.118033	1434	1435	0.118033	1434	1435	0.118033	2.88763	4.11237	2	1409	1434	0.887627	1409	1434	0.887627	1409	1434	0.887627
90	0.123568	2.28868	4.28868	2.71132	1435	2084	0.711325	1435	2084	0.711325	1435	2084	0.711325	3	4.11803	2	1434	1435	0.118033	1434	1435	0.118033	1434	1435	0.118033	2	4.11237	2.88763	1409	2084	0.887627	1409	2084	0.887627	1409	2084	0.887627
91	0.0192874	2	4.11237	2.88763	1409	2084	0.887627	1409	2084	0.887627	1409	2084	0.887627	2	4.11803	3	2084	2085	0.118033	2084	2085	0.118033	2084	2085	0.118033	2.28868	4.28868	2.71132	1435	2084	0.711325	1435	2084	0.711325	1435	2084	0.711325
92	0.0909773	3	4.43541	2.56459	1435	2110	0.564585	1435	2110	0.564585	1435	2110	0.564585	2.28868	4.28868	2.71132	1435	2084	0.711325	1435	2084	0.711325	1435	2084	0.711325	2	4.11803	3	2084	2085	0.118033	2084	2085	0.118033	2084	2085	0.118033
93	0.157024	2.56459	4.43541	3	2085	2110	0.564585	2085	2110	0.564585	2085	2110	0.564585	3	4.43541	2.56459	1435	2110	0.564585	1435	2110	0.564585	1435	2110	0.564585	2	4.11803	3	2084	2085	0.118033	2084	2085	0.118033	2084	2085	0.118033
94	0.0238898	3	1.88197	2	1431	1432	0.881966	1431	1432	0.881966	1431	1432	0.881966	3.11237	1.88763	2	1432	1457	0.112372	1432	1457	0.112372	1432	1457	0.112372	3	1.64645	2.35355	1432	2107	0.353553	1432	2107	0.353553	1432	2107	0.353553
95	0.155369	4	2	2.5	1458	2134	0.5	1458	2134	0.5	1458	2134	0.5	3.43541	1.56459	3	2108	2133	0.435414	2108	2133	0.435414	2108	2133	0.435414	3.79057	2	2.20943	1458	2108	0.20943	1458	2108	0.20943	1458	2108	0.20943
96	0.165312	4	1.88197	3	2133	2134	0.881966	2133	2134	0.881966	2133	2134	0.881966	3.43541	1.56459	3	2108	2133	0.435414	2108	2133	0.435414	2108	2133	0.435414	4	2	2.5	1458	2134	0.5	1458	2134	0.5	1458	2134	0.5
97	0.0820041	3.11237	1.88763	2	1432	1457	0.112372	1432	1457	0.112372	1432	1457	0.112372	3.5	2	2	1432	1458	0.499999	1432	1458	0.499999	1432	1458	0.499999	3	1.64645	2.35355	1432	2107	0.353553	1432	2107	0.353553	1432	2107	0.353553
98	0.187806	3	1.64645	2.35355	1432	2107	0.353553	1432	2107	0.353553	1432	2107	0.353553	3.5	2	2	1432	1458	0.499999	1432	1458	0.499999	1432	1458	0.499999	3	1.5	3	2107	2108	0.5	2107	2108	0.5	2107	2108	0.5
99	0.216981	3	1.5	3	2107	2108	0.5	2107	2108	0.5	2107	2108	0.5	3.5	2	2	1432	1458	0.499999	1432	1458	0.499999	1432	1458	0.499999	3.79057	2	2.20943	1458	2108	0.20943	1458	2108	0.20943	1458	2108	0.20943
100	0.192918	3.79057	2	2.20943	1458	2108	0.20943	1458	2108	0.20943	1458	2108	0.20943	3.43541	1.56459	3	2108	2133	0.435414	2108	2133	0.435414	2108	2133	0.435414	3	1.5	3	2107	2108	0.5	2107	2108	0.5	2107	2108	0.5
101	0.0482967	3.5	2	2	1432	1458	0.499999	1432	1458	0.499999	1432	1458	0.499999	3.79057	2.20943	2	1433	1458	0.790569	1433	1458	0.790569	1433	1458	0.790569	3.79057	2	2.20943	1458	2108	0.20943	1458	2108	0.20943	1458	2108	0.20943
102	0.103728	4	2.5	2	1458	1459	0.5	1458	1459	0.5	1458	1459	0.5	4	2	2.5	1458	2134	0.5	1458	2134	0.5	1458	2134	0.5	3.79057	2	2.20943	1458	2108	0.20943	1458	2108	0.20943	1458	2108	0.20943
103	0.0434477	3.79057	2.20943	2	1433	1458	0.790569	1433	1458	0.790569	1433	1458	0.790569	4	2.5	2	1458	1459	0.5	1458	1459	0.5	1458	1459	0.5	3.79057	2	2.20943	1458	2108	0.20943	1458	2108	0.20943	1458	2108	0.20943
104	0.0482966	3.79057	4	2.20943	1460	2110	0.20943	1460	2110	0.20943	1460	2110	0.20943	4	4	2.5	1460	2136	0.5	1460	2136	0.5	1460	2136	0.5	4	3.79057	2.20943	1460	2135	0.20943	1460	2135	0.20943	1460	2135	0.20943
105	0.030521	4	3.5	2	1459	1460	0.499999	1459	1460	0.499999	1459	1460	0.499999	3.86603	3.86603	2.13397	1460	2109	0.133975	1460	2109	0.133975	1460	2109	0.133975	4	3.79057	2.20943	1460	2135	0.20943	1460	2135	0.20943	1460	2135	0.20943
106	0.0748944	3.5	4	2	1434	1460	0.499999	1434	1460	0.499999	1434	1460	0.499999	3.86603	3.86603	2.13397	1460	2109	0.133975	1460	2109	0.133975	1460	2109	0.133975	4	3.5	2	1459	1460	0.499999	1459	1460	0.499999	1459	1460	0.499999
107	0.030521	3.5	4	2	1434	1460	0.499999	1434	1460	0.499999	1434	1460	0.499999	3.79057	4	2.20943	1460	2110	0.20943	1460	2110	0.20943	1460	2110	0.20943	3.86603	3.86603	2.13397	1460	2109	0.133975	1460	2109	0.133975	1460	2109	0.133975
108	0.0127441	3.86603	3.86603	2.13397	1460	2109	0.133975	1460	2109	0.133975	1460	2109	0.133975	3.79057	4	2.20943	1460	2110	0.20943	1460	2110	0.20943	1460	2110	0.20943	4	3.79057	2.20943	1460	2135	0.20943	1460	2135	0.20943	1460	2135	0.20943
109	0.165312	3.5	4	2	1434	1460	0.499999	1434	1460	0.499999	1434	1460	0.499999	3	4.11803	2	1434	1435	0.118033	1434	1435	0.118033	1434	1435	0.118033	3	4.43541	2.56459	1435	2110	0.564585	1435	2110	0.564585	1435	2110	0.564585
110	0.155369	3.79057	4	2.20943	1460	2110	0.20943	1460	2110	0.20943	1460	2110	0.20943	3.5	4	2	1434	1460	0.499999	1434	1460	0.499999	1434	1460	0.499999	3	4.43541	2.56459	1435	2110	0.564585	1435	2110	0.564585	1435	2110	0.564585
111	0.02389	4	4.11237	2.88763	1461	2136	0.887627	1461	2136	0.887627	1461	2136	0.887627	3.64645	4.35355	3	2111	2136	0.646446	2111	2136	0.646446	2111	2136	0.646446	4	4.11803	3	2136	2137	0.118033	2136	2137	0.118033	2136	2137	0.118033
112	0.121774	3.79057	4	2.20943	1460	2110	0.20943	1460	2110	0.20943	1460	2110	0.20943	3.39315	4.39315	2.60685	1461	2110	0.60685	1461	2110	0.60685	1461	2110	0.60685	4	4	2.5	1460	2136	0.5	1460	2136	0.5	1460	2136	0.5
113	0.14115	3.39315	4.39315	2.60685	1461	2110	0.60685	1461	2110	0.60685	1461	2110	0.60685	4	4.11237	2.88763	1461	2136	0.887627	1461	2136	0.887627	1461	2136	0.887627	4	4	2.5	1460	2136	0.5	1460	2136	0.5	1460	2136	0.5
114	0.111849	3	4.43541	2.56459	1435	2110	0.564585	1435	2110	0.564585	1435	2110	0.564585	3.39315	4.39315	2.60685	1461	2110	0.60685	1461	2110	0.60685	1461	2110	0.60685	3.79057	4	2.20943	1460	2110	0.20943	1460	2110	0.20943	1460	2110	0.20943
115	0.0871708	3	4.43541	2.56459	1435	2110	0.564585	1435	2110	0.564585	1435	2110	0.564585	3	4.5	3	2110	2111	0.499999	2110	2111	0.499999	2110	2111	0.499999	3.39315	4.39315	2.60685	1461	2110	0.60685	1461	2110	0.60685	1461	2110	0.60685
116	0.189449	4	4.11237	2.88763	1461	2136	0.887627	1461	2136	0.887627	1461	2136	0.887627	3.39315	4.39315	2.60685	1461	2110	0.60685	1461	2110	0.60685	1461	2110	0.60685	3	4.5	3	2110	2111	0.499999	2110	2111	0.499999	2110	2111	0.499999
117	0.0640151	3.64645	4.35355	3	2111	2136	0.646446	2111	2136	0.646446	2111	2136	0.646446	4	4.11237	2.88763	1461	2136	0.887627	1461	2136	0.887627	1461	2136	0.887627	3	4.5	3	2110	2111	0.499999	2110	2111	0.499999	2110	2111	0.499999
118	0.0046944	4.11237	2	2.88763	1484	2134	0.887627	1484	2134	0.887627	1484	2134	0.887627	4.11803	2	3	2134	2160	0.118033	2134	2160	0.118033	2134	2160	0.118033	4.06066	1.93934	3	2134	2159	0.0606599	2134	2159	0.0606599	2134	2159	0.0606599
119	0.0368314	4	2	2.5	1458	2134	0.5	1458	2134	0.5	1458	2134	0.5	4.11237	2	2.88763	1484	2134	0.887627	1484	2134	0.887627	1484	2134	0.887627	4	1.88197	3	2133	2134	0.881966	2133	2134	0.881966	2133	2134	0.881966
120	0.00470481	4.11237	2	2.88763	1484	2134	0.887627	1484	2134	0.887627	1484	2134	0.887627	4.06066	1.93934	3	2134	2159	0.0606599	2134	2159	0.0606599	2134	2159	0.0606599	4	1.88197	3	2133	2134	0.881966	2133	2134	0.881966	2133	2134	0.881966
121	0.104735	4	2	2.5	1458	2134	0.5	1458	2134	0.5	1458	2134	0.5	4	2.5	2	1458	1459	0.5	1458	1459	0.5	1458	1459	0.5	4.11237	2.88763	2	1459	1484	0.112372	1459	1484	0.112372	1459	1484	0.112372
122	0.185931	4.11237	2	2.88763	1484	2134	0.887627	1484	2134	0.887627	1484	2134	0.887627	4	2	2.5	1458	2134	0.5	1458	2134	0.5	1458	2134	0.5	4.11237	2.88763	2	1459	1484	0.112372	1459	1484	0.112372	1459	1484	0.112372
123	0.096856	4.43541	3	2.56459	1485	2135	0.564585	1485	2135	0.564585	1485	2135	0.564585	4.5	3	3	2135	2161	0.499999	2135	2161	0.499999	2135	2161	0.499999	4.43541	2.56459	3	2135	2160	0.435414	2135	2160	0.435414	2135	2160	0.435414
124	0.0192874	4.11237	2	2.88763	1484	2134	0.887627	1484	2134	0.887627	1484	2134	0.887627	4.28868	2.28868	2.71132	1485	2134	0.711325	1485	2134	0.711325	1485	2134	0.711325	4.11803	2	3	2134	2160	0.118033	2134	2160	0.118033	2134	2160	0.118033
125	0.0499988	4.11803	3	2	1459	1485	0.118033	1459	1485	0.118033	1459	1485	0.118033	4.11237	2	2.88763	1484	2134	0.887627	1484	2134	0.887627	1484	2134	0.887627	4.11237	2.88763	2	1459	1484	0.112372	1459	1484	0.112372	1459	1484	0.112372
126	0.123568	4.28868	2.28868	2.71132	1485	2134	0.711325	1485	2134	0.711325	1485	2134	0.711325	4.11237	2	2.88763	1484	2134	0.887627	1484	2134	0.887627	1484	2134	0.887627	4.11803	3	2	1459	1485	0.118033	1459	1485	0.118033	1459	1485	0.118033
127	0.239271	4.11803	3	2	1459	1485	0.118033	1459	1485	0.118033	1459	1485	0.118033	4.43541	3	2.56459	1485	2135	0.564585	1485	2135	0.564585	1485	2135	0.564585	4.28868	2.28868	2.71132	1485	2134	0.711325	1485	2134	0.711325	1485	2134	0.711325
128	0.0909773	4.43541	3	2.56459	1485	2135	0.564585	1485	2135	0.564585	1485	2135	0.564585	4.11803	2	3	2134	2160	0.118033	2134	2160	0.118033	2134	2160	0.118033	4.28868	2.28868	2.71132	1485	2134	0.711325	1485	2134	0.711325	1485	2134	0.711325
129	0.157024	4.43541	2.56459	3	2135	2160	0.435414	2135	2160	0.435414	2135	2160	0.435414	4.11803	2	3	2134	2160	0.118033	2134	2160	0.118033	2134	2160	0.118033	4.43541	3	2.56459	1485	2135	0.564585	1485	2135	0.564585	1485	2135	0.564585
130	0.165312	4.11803	3	2	1459	1485	0.118033	1459	1485	0.118033	1459	1485	0.118033	4	3.5	2	1459	1460	0.499999	1459	1460	0.499999	1459	1460	0.499999	4.43541	3	2.56459	1485	2135	0.564585	1485	2135	0.564585	1485	2135	0.564585
131	0.155369	4.43541	3	2.56459	1485	2135	0.564585	1485	2135	0.564585	1485	2135	0.564585	4	3.5	2	1459	1460	0.499999	1459	1460	0.499999	1459	1460	0.499999	4	3.79057	2.20943	1460	2135	0.20943	1460	2135	0.20943	1460	2135	0.20943
132	0.0238899	4.11237	4	2.88763	1486	2136	0.887627	1486	2136	0.887627	1486	2136	0.887627	4.11803	4	3	2136	2162	0.118033	2136	2162	0.118033	2136	2162	0.118033	4.35355	3.64645	3	2136	2161	0.353553	2136	2161	0.353553	2136	2161	0.353553
133	0.0871708	4.43541	3	2.56459	1485	2135	0.564585	1485	2135	0.564585	1485	2135	0.564585	4.39315	3.39315	2.60685	1486	2135	0.60685	1486	2135	0.60685	1486	2135	0.60685	4.5	3	3	2135	2161	0.499999	2135	2161	0.499999	2135	2161	0.499999
134	0.111849	4	3.79057	2.20943	1460	2135	0.20943	1460	2135	0.20943	1460	2135	0.20943	4.39315	3.39315	2.60685	1486	2135	0.60685	1486	2135	0.60685	1486	2135	0.60685	4.43541	3	2.56459	1485	2135	0.564585	1485	2135	0.564585	1485	2135	0.564585
135	0.121774	4	4	2.5	1460	2136	0.5	1460	2136	0.5	1460	2136	0.5	4.39315	3.39315	2.60685	1486	2135	0.60685	1486	2135	0.60685	1486	2135	0.60685	4	3.79057	2.20943	1460	2135	0.20943	1460	2135	0.20943	1460	2135	0.20943
136	0.14115	4.11237	4	2.88763	1486	2136	0.887627	1486	2136	0.887627	1486	2136	0.887627	4.39315	3.39315	2.60685	1486	2135	0.60685	1486	2135	0.60685	1486	2135	0.60685	4	4	2.5	1460	2136	0.5	1460	2136	0.5	1460	2136	0.5
137	0.189449	4.11237	4	2.88763	1486	2136	0.887627	1486	2136	0.887627	1486	2136	0.887627	4.5	3	3	2135	2161	0.499999	2135	2161	0.499999	2135	2161	0.499999	4.39315	3.39315	2.60685	1486	2135	0.60685	1486	2135	0.60685	1486	2135	0.60685
138	0.064015	4.35355	3.64645	3	2136	2161	0.353553	2136	2161	0.353553	2136	2161	0.353553	4.5	3	3	2135	2161	0.499999	2135	2161	0.499999	2135	2161	0.499999	4.11237	4	2.88763	1486	2136	0.887627	1486	2136	0.887627	1486	2136	0.887627
139	0.0314412	4	4	2.5	1460	2136	0.5	1460	2136	0.5	1460	2136	0.5	4	4.11237	2.88763	1461	2136	0.887627	1461	2136	0.887627	1461	2136	0.887627	4.11237	4	2.88763	1486	2136	0.887627	1486	2136	0.887627	1486	2136	0.887627
140	0.00457654	4.11237	4	2.88763	1486	2136	0.887627	1486	2136	0.887627	1486	2136	0.887627	4.05982	4.05982	2.94018	1487	2136	0.940183	1487	2136	0.940183	1487	2136	0.940183	4.11803	4	3	2136	2162	0.118033	2136	2162	0.118033	2136	2162	0.118033
141	0.00419596	4	4.11237	2.88763	1461	2136	0.887627	1461	2136	0.887627	1461	2136	0.887627	4.05982	4.05982	2.94018	1487	2136	0.940183	1487	2136	0.940183	1487	2136	0.940183	4.11237	4	2.88763	1486	2136	0.887627	1486	2136	0.887627	1486	2136	0.887627
142	0.00457654	4	4.11237	2.88763	1461	2136	0.887627	1461	2136	0.887627	1461	2136	0.887627	4	4.11803	3	2136	2137	0.118033	2136	2137	0.118033	2136	2137	0.118033	4.05982	4.05982	2.94018	1487	2136	0.940183	1487	2136	0.940183	1487	2136	0.940183
143	0.00499334	4.05982	4.05982	2.94018	1487	2136	0.940183	1487	2136	0.940183	1487	2136	0.940183	4	4.11803	3	2136	2137	0.118033	2136	2137	0.118033	2136	2137	0.118033	4.11803	4	3	2136	2162	0.118033	2136	2162	0.118033	2136	2162	0.118033
144	0.031441	1.88763	2	3.11237	2082	2732	0.112372	2082	2732	0.112372	2082	2732	0.112372	2	1.88763	3.11237	2082	2757	0.112372	2082	2757	0.112372	2082	2757	0.112372	2	2	3.5	2082	2758	0.499999	2082	2758	0.499999	2082	2758	0.499999
145	0.00457653	2	1.88197	3	2081	2082	0.881966	2081	2082	0.881966	2081	2082	0.881966	2	1.88763	3.11237	2082	2757	0.112372	2082	2757	0.112372	2082	2757	0.112372	1.94018	1.94018	3.05982	2082	2731	0.0598164	2082	2731	0.0598164	2082	2731	0.0598164
146	0.00499334	1.88197	2	3	2056	2082	0.881966	2056	2082	0.881966	2056	2082	0.881966	2	1.88197	3	2081	2082	0.881966	2081	2082	0.881966	2081	2082	0.881966	1.94018	1.94018	3.05982	2082	2731	0.0598164	2082	2731	0.0598164	2082	2731	0.0598164
147	0.00457653	1.88197	2	3	2056	2082	0.881966	2056	2082	0.881966	2056	2082	0.881966	1.94018	1.94018	3.05982	2082	2731	0.0598164	2082	2731	0.0598164	2082	2731	0.0598164	1.88763	2	3.11237	2082	2732	0.112372	2082	2732	0.112372	2082	2732	0.112372
148	0.00419594	1.94018	1.94018	3.05982	2082	2731	0.0598164	2082	2731	0.0598164	2082	2731	0.0598164	2	1.88763	3.11237	2082	2757	0.112372	2082	2757	0.112372	2082	2757	0.112372	1.88763	2	3.11237	2082	2732	0.112372	2082	2732	0.112372	2082	2732	0.112372
149	0.0238898	1.88197	2	3	2056	2082	0.881966	2056	2082	0.881966	2056	2082	0.881966	1.88763	2	3.11237	2082	2732	0.112372	2082	2732	0.112372	2082	2732	0.112372	1.64645	2.35355	3	2057	2082	0.646446	2057	2082	0.646446	2057	2082	0.646446
150	0.155369	2	2.20943	3.79057	2083	2758	0.790569	2083	2758	0.790569	2083	2758	0.790569	2	2.5	4	2758	2759	0.5	2758	2759	0.5	2758	2759	0.5	1.56459	3	3.43541	2083	2733	0.435414	2083	2733	0.435414	2083	2733	0.435414
151	0.165312	2	2.5	4	2758	2759	0.5	2758	2759	0.5	2758	2759	0.5	1.88197	3	4	2733	2759	0.881966	2733	2759	0.881966	2733	2759	0.881966	1.56459	3	3.43541	2083	2733	0.435414	2083	2733	0.435414	2083	2733	0.435414
152	0.14115	1.88763	2	3.11237	2082	2732	0.112372	2082	2732	0.112372	2082	2732	0.112372	2	2	3.5	2082	2758	0.499999	2082	2758	0.499999	2082	2758	0.499999	1.60685	2.60685	3.39315	2083	2732	0.393149	2083	2732	0.393149	2083	2732	0.393149
153	0.121774	1.60685	2.60685	3.39315	2083	2732	0.393149	2083	2732	0.393149	2083	2732	0.393149	2	2	3.5	2082	2758	0.499999	2082	2758	0.499999	2082	2758	0.499999	2	2.20943	3.79057	2083	2758	0.790569	2083	2758	0.790569	2083	2758	0.790569
154	0.0640151	1.5	3	3	2057	2083	0.5	2057	2083	0.5	2057	2083	0.5	1.64645	2.35355	3	2057	2082	0.646446	2057	2082	0.646446	2057	2082	0.646446	1.88763	2	3.11237	2082	2732	0.112372	2082	2732	0.112372	2082	2732	0.112372
155	0.189449	1.60685	2.60685	3.39315	2083	2732	0.393149	2083	2732	0.393149	2083	2732	0.393149	1.5	3	3	2057	2083	0.5	2057	2083	0.5	2057	2083	0.5	1.88763	2	3.11237	2082	2732	0.112372	2082	2732	0.112372	2082	2732	0.112372
156	0.0871707	1.5	3	3	2057	2083	0.5	2057	2083	0.5	2057	2083	0.5	1.60685	2.60685	3.39315	2083	2732	0.393149	2083	2732	0.393149	2083	2732	0.393149	1.56459	3	3.43541	2083	2733	0.435414	2083	2733	0.435414	2083	2733	0.435414
157	0.111849	1.60685	2.60685	3.39315	2083	2732	0.393149	2083	2732	0.393149	2083	2732	0.393149	2	2.20943	3.79057	2083	2758	0.790569	2083	2758	0.790569	2083	2758	0.790569	1.56459	3	3.43541	2083	2733	0.435414	2083	2733	0.435414	2083	2733	0.435414
158	0.0968561	1.5	3	3	2057	2083	0.5	2057	2083	0.5	2057	2083	0.5	1.56459	3	3.43541	2083	2733	0.435414	2083	2733	0.435414	2083	2733	0.435414	1.56459	3.43541	3	2058	2083	0.564585	2058	2083	0.564585	2058	2083	0.564585
159	0.104735	2	4	3.5	2084	2760	0.499999	2084	2760	0.499999	2084	2760	0.499999	1.88763	4	3.11237	2084	2734	0.112372	2084	2734	0.112372	2084	2734	0.112372	2	3.5	4	2759	2760	0.499999	2759	2760	0.499999	2759	2760	0.499999
160	0.185931	2	3.5	4	2759	2760	0.499999	2759	2760	0.499999	2759	2760	0.499999	1.88763	4	3.11237	2084	2734	0.112372	2084	2734	0.112372	2084	2734	0.112372	1.88763	3.11237	4	2734	2759	0.887627	2734	2759	0.887627	2734	2759	0.887627
161	0.239271	1.56459	3	3.43541	2083	2733	0.435414	2083	2733	0.435414	2083	2733	0.435414	1.88197	3	4	2733	2759	0.881966	2733	2759	0.881966	2733	2759	0.881966	1.71133	3.71133	3.28867	2084	2733	0.288675	2084	2733	0.288675	2084	2733	0.288675
162	0.157024	1.88197	4	3	2058	2084	0.881966	2058	2084	0.881966	2058	2084	0.881966	1.56459	3.43541	3	2058	2083	0.564585	2058	2083	0.564585	2058	2083	0.564585	1.56459	3	3.43541	2083	2733	0.435414	2083	2733	0.435414	2083	2733	0.435414
163	0.0909771	1.71133	3.71133	3.28867	2084	2733	0.288675	2084	2733	0.288675	2084	2733	0.288675	1.88197	4	3	2058	2084	0.881966	2058	2084	0.881966	2058	2084	0.881966	1.56459	3	3.43541	2083	2733	0.435414	2083	2733	0.435414	2083	2733	0.435414
164	0.0192874	1.88197	4	3	2058	2084	0.881966	2058	2084	0.881966	2058	2084	0.881966	1.71133	3.71133	3.28867	2084	2733	0.288675	2084	2733	0.288675	2084	2733	0.288675	1.88763	4	3.11237	2084	2734	0.112372	2084	2734	0.112372	2084	2734	0.112372
165	0.123568	1.88763	4	3.11237	2084	2734	0.112372	2084	2734	0.112372	2084	2734	0.112372	1.71133	3.71133	3.28867	2084	2733	0.288675	2084	2733	0.288675	2084	2733	0.288675	1.88197	3	4	2733	2759	0.881966	2733	2759	0.881966	2733	2759	0.881966
166	0.0499991	1.88763	3.11237	4	2734	2759	0.887627	2734	2759	0.887627	2734	2759	0.887627	1.88763	4	3.11237	2084	2734	0.112372	2084	2734	0.112372	2084	2734	0.112372	1.88197	3	4	2733	2759	0.881966	2733	2759	0.881966	2733	2759	0.881966
167	0.00469442	1.88197	4	3	2058	2084	0.881966	2058	2084	0.881966	2058	2084	0.881966	1.88763	4	3.11237	2084	2734	0.112372	2084	2734	0.112372	2084	2734	0.112372	1.93934	4.06066	3	2059	2084	0.93934	2059	2084	0.93934	2059	2084	0.93934
168	0.0368311	2	4.11803	3	2084	2085	0.118033	2084	2085	0.118033	2084	2085	0.118033	1.88763	4	3.11237	2084	2734	0.112372	2084	2734	0.112372	2084	2734	0.112372	2	4	3.5	2084	2760	0.499999	2084	2760	0.499999	2084	2760	0.499999
169	0.00470476	1.93934	4.06066	3	2059	2084	0.93934	2059	2084	0.93934	2059	2084	0.93934	1.88763	4	3.11237	2084	2734	0.112372	2084	2734	0.112372	2084	2734	0.112372	2	4.11803	3	2084	2085	0.118033	2084	2085	0.118033	2084	2085	0.118033
170	0.0238898	2	1.88197	3	2081	2082	0.881966	2081	2082	0.881966	2081	2082	0.881966	2.35355	1.64645	3	2082	2107	0.353553	2082	2107	0.353553	2082	2107	0.353553	2	1.88763	3.11237	2082	2757	0.112372	2082	2757	0.112372	2082	2757	0.112372
171	0.155369	3	1.56459	3.43541	2108	2783	0.435414	2108	2783	0.435414	2108	2783	0.435414	2.5	2	4	2758	2784	0.5	2758	2784	0.5	2758	2784	0.5	2.20943	2	3.79057	2108	2758	0.790569	2108	2758	0.790569	2108	2758	0.790569
172	0.165312	3	1.88197	4	2783	2784	0.881966	2783	2784	0.881966	2783	2784	0.881966	2.5	2	4	2758	2784	0.5	2758	2784	0.5	2758	2784	0.5	3	1.56459	3.43541	2108	2783	0.435414	2108	2783	0.435414	2108	2783	0.435414
173	0.0871707	3	1.5	3	2107	2108	0.5	2107	2108	0.5	2107	2108	0.5	3	1.56459	3.43541	2108	2783	0.435414	2108	2783	0.435414	2108	2783	0.435414	2.60685	1.60685	3.39315	2108	2757	0.393149	2108	2757	0.393149	2108	2757	0.393149
174	0.064015	2	1.88763	3.11237	2082	2757	0.112372	2082	2757	0.112372	2082	2757	0.112372	2.35355	1.64645	3	2082	2107	0.353553	2082	2107	0.353553	2082	2107	0.353553	3	1.5	3	2107	2108	0.5	2107	2108	0.5	2107	2108	0.5
175	0.189449	2.60685	1.60685	3.39315	2108	2757	0.393149	2108	2757	0.393149	2108	2757	0.393149	2	1.88763	3.11237	2082	2757	0.112372	2082	2757	0.112372	2082	2757	0.112372	3	1.5	3	2107	2108	0.5	2107	2108	0.5	2107	2108	0.5
176	0.14115	2	2	3.5	2082	2758	0.499999	2082	2758	0.499999	2082	2758	0.499999	2	1.88763	3.11237	2082	2757	0.112372	2082	2757	0.112372	2082	2757	0.112372	2.60685	1.60685	3.39315	2108	2757	0.393149	2108	2757	0.393149	2108	2757	0.393149
177	0.121774	2.20943	2	3.79057	2108	2758	0.790569	2108	2758	0.790569	2108	2758	0.790569	2	2	3.5	2082	2758	0.499999	2082	2758	0.499999	2082	2758	0.499999	2.60685	1.60685	3.39315	2108	2757	0.393149	2108	2757	0.393149	2108	2757	0.393149
178	0.111849	2.60685	1.60685	3.39315	2108	2757	0.393149	2108	2757	0.393149	2108	2757	0.393149	3	1.56459	3.43541	2108	2783	0.435414	2108	2783	0.435414	2108	2783	0.435414	2.20943	2	3.79057	2108	2758	0.790569	2108	2758	0.790569	2108	2758	0.790569
179	0.0482968	2	2	3.5	2082	2758	0.499999	2082	2758	0.499999	2082	2758	0.499999	2.20943	2	3.79057	2108	2758	0.790569	2108	2758	0.790569	2108	2758	0.790569	2	2.20943	3.79057	2083	2758	0.790569	2083	2758	0.790569	2083	2758	0.790569
180	0.030521	2.20943	2	3.79057	2108	2758	0.790569	2108	2758	0.790569	2108	2758	0.790569	2.5	2	4	2758	2784	0.5	2758	2784	0.5	2758	2784	0.5	2.13398	2.13398	3.86602	2109	2758	0.866025	2109	2758	0.866025	2109	2758	0.866025
181	0.0127442	2	2.20943	3.79057	2083	2758	0.790569	2083	2758	0.790569	2083	2758	0.790569	2.20943	2	3.79057	2108	2758	0.790569	2108	2758	0.790569	2108	2758	0.790569	2.13398	2.13398	3.86602	2109	2758	0.866025	2109	2758	0.866025	2109	2758	0.866025
182	0.030521	2	2.20943	3.79057	2083	2758	0.790569	2083	2758	0.790569	2083	2758	0.790569	2.13398	2.13398	3.86602	2109	2758	0.866025	2109	2758	0.866025	2109	2758	0.866025	2	2.5	4	2758	2759	0.5	2758	2759	0.5	2758	2759	0.5
183	0.074894	2.13398	2.13398	3.86602	2109	2758	0.866025	2109	2758	0.866025	2109	2758	0.866025	2.5	2	4	2758	2784	0.5	2758	2784	0.5	2758	2784	0.5	2	2.5	4	2758	2759	0.5	2758	2759	0.5	2758	2759	0.5
184	0.0482966	2.20943	4	3.79057	2110	2760	0.790569	2110	2760	0.790569	2110	2760	0.790569	2.20943	3.79057	4	2760	2785	0.20943	2760	2785	0.20943	2760	2785	0.20943	2.5	4	4	2760	2786	0.5	2760	2786	0.5	2760	2786	0.5
185	0.103729	2	4	3.5	2084	2760	0.499999	2084	2760	0.499999	2084	2760	0.499999	2	3.5	4	2759	2760	0.499999	2759	2760	0.499999	2759	2760	0.499999	2.20943	4	3.79057	2110	2760	0.790569	2110	2760	0.790569	2110	2760	0.790569
186	0.0434478	2.20943	4	3.79057	2110	2760	0.790569	2110	2760	0.790569	2110	2760	0.790569	2	3.5	4	2759	2760	0.499999	2759	2760	0.499999	2759	2760	0.499999	2.20943	3.79057	4	2760	2785	0.20943	2760	2785	0.20943	2760	2785	0.20943
187	0.165312	2	4	3.5	2084	2760	0.499999	2084	2760	0.499999	2084	2760	0.499999	2.56459	4.43541	3	2085	2110	0.564585	2085	2110	0.564585	2085	2110	0.564585	2	4.11803	3	2084	2085	0.118033	2084	2085	0.118033	2084	2085	0.118033
188	0.155369	2.20943	4	3.79057	2110	2760	0.790569	2110	2760	0.790569	2110	2760	0.790569	2.56459	4.43541	3	2085	2110	0.564585	2085	2110	0.564585	2085	2110	0.564585	2	4	3.5	2084	2760	0.499999	2084	2760	0.499999	2084	2760	0.499999
189	0.02389	3	4.35355	3.64645	2111	2786	0.646446	2111	2786	0.646446	2111	2786	0.646446	2.88763	4.11237	4	2761	2786	0.887627	2761	2786	0.887627	2761	2786	0.887627	3	4.11803	4	2786	2787	0.118033	2786	2787	0.118033	2786	2787	0.118033
190	0.216981	2.20943	4	3.79057	2110	2760	0.790569	2110	2760	0.790569	2110	2760	0.790569	2.5	4	4	2760	2786	0.5	2760	2786	0.5	2760	2786	0.5	3	4.5	3	2110	2111	0.499999	2110	2111	0.499999	2110	2111	0.499999
191	0.187806	2.5	4	4	2760	2786	0.5	2760	2786	0.5	2760	2786	0.5	3	4.35355	3.64645	2111	2786	0.646446	2111	2786	0.646446	2111	2786	0.646446	3	4.5	3	2110	2111	0.499999	2110	2111	0.499999	2110	2111	0.499999
192	0.192918	2.56459	4.43541	3	2085	2110	0.564585	2085	2110	0.564585	2085	2110	0.564585	2.20943	4	3.79057	2110	2760	0.790569	2110	2760	0.790569	2110	2760	0.790569	3	4.5	3	2110	2111	0.499999	2110	2111	0.499999	2110	2111	0.499999
193	0.0820042	3	4.35355	3.64645	2111	2786	0.646446	2111	2786	0.646446	2111	2786	0.646446	2.5	4	4	2760	2786	0.5	2760	2786	0.5	2760	2786	0.5	2.88763	4.11237	4	2761	2786	0.887627	2761	2786	0.887627	2761	2786	0.887627
194	0.096856	3	1.5	3	2107	2108	0.5	2107	2108	0.5	2107	2108	0.5	3.43541	1.56459	3	2108	2133	0.435414	2108	2133	0.435414	2108	2133	0.435414	3	1.56459	3.43541	2108	2783	0.435414	2108	2783	0.435414	2108	2783	0.435414
195	0.104735	4	1.88763	3.11237	2134	2809	0.112372	2134	2809	0.112372	2134	2809	0.112372	4	2	3.5	2134	2810	0.499999	2134	2810	0.499999	2134	2810	0.499999	3.5	2	4	2784	2810	0.499999	2784	2810	0.499999	2784	2810	0.499999
196	0.185931	3.11237	1.88763	4	2784	2809	0.112372	2784	2809	0.112372	2784	2809	0.112372	4	1.88763	3.11237	2134	2809	0.112372	2134	2809	0.112372	2134	2809	0.112372	3.5	2	4	2784	2810	0.499999	2784	2810	0.499999	2784	2810	0.499999
197	0.0192874	4	1.88197	3	2133	2134	0.881966	2133	2134	0.881966	2133	2134	0.881966	4	1.88763	3.11237	2134	2809	0.112372	2134	2809	0.112372	2134	2809	0.112372	3.71133	1.71133	3.28867	2134	2783	0.288675	2134	2783	0.288675	2134	2783	0.288675
198	0.157024	3	1.56459	3.43541	2108	2783	0.435414	2108	2783	0.435414	2108	2783	0.435414	3.43541	1.56459	3	2108	2133	0.435414	2108	2133	0.435414	2108	2133	0.435414	4	1.88197	3	2133	2134	0.881966	2133	2134	0.881966	2133	2134	0.881966
199	0.0909771	3.71133	1.71133	3.28867	2134	2783	0.288675	2134	2783	0.288675	2134	2783	0.288675	3	1.56459	3.43541	2108	2783	0.435414	2108	2783	0.435414	2108	2783	0.435414	4	1.88197	3	2133	2134	0.881966	2133	2134	0.881966	2133	2134	0.881966
200	0.239271	3	1.56459	3.43541	2108	2783	0.435414	2108	2783	0.435414	2108	2783	0.435414	3.71133	1.71133	3.28867	2134	2783	0.288675	2134	2783	0.288675	2134	2783	0.288675	3	1.88197	4	2783	2784	0.881966	2783	2784	0.881966	2783	2784	0.881966
201	0.123568	4	1.88763	3.11237	2134	2809	0.112372	2134	2809	0.112372	2134	2809	0.112372	3	1.88197	4	2783	2784	0.881966	2783	2784	0.881966	2783	2784	0.881966	3.71133	1.71133	3.28867	2134	2783	0.288675	2134	2783	0.288675	2134	2783	0.288675
202	0.0499989	3.11237	1.88763	4	2784	2809	0.112372	2784	2809	0.112372	2784	2809	0.112372	3	1.88197	4	2783	2784	0.881966	2783	2784	0.881966	2783	2784	0.881966	4	1.88763	3.11237	2134	2809	0.112372	2134	2809	0.112372	2134	2809	0.112372
203	0.0482966	4	2.20943	3.79057	2135	2810	0.790569	2135	2810	0.790569	2135	2810	0.790569	4	2.5	4	2810	2811	0.5	2810	2811	0.5	2810	2811	0.5	3.79057	2.20943	4	2785	2810	0.790569	2785	2810	0.790569	2785	2810	0.790569
204	0.103729	4	2	3.5	2134	2810	0.499999	2134	2810	0.499999	2134	2810	0.499999	4	2.20943	3.79057	2135	2810	0.790569	2135	2810	0.790569	2135	2810	0.790569	3.5	2	4	2784	2810	0.499999	2784	2810	0.499999	2784	2810	0.499999
205	0.0434478	4	2.20943	3.79057	2135	2810	0.790569	2135	2810	0.790569	2135	2810	0.790569	3.79057	2.20943	4	2785	2810	0.790569	2785	2810	0.790569	2785	2810	0.790569	3.5	2	4	2784	2810	0.499999	2784	2810	0.499999	2784	2810	0.499999
206	0.216507	4	4	3.5	2136	2812	0.499999	2136	2812	0.499999	2136	2812	0.499999	3.5	4	4	2786	2812	0.499999	2786	2812	0.499999	2786	2812	0.499999	4	3.5	4	2811	2812	0.499999	2811	2812	0.499999	2811	2812	0.499999
207	0.219408	3	4.5	3	2110	2111	0.499999	2110	2111	0.499999	2110	2111	0.499999	3	4.35355	3.64645	2111	2786	0.646446	2111	2786	0.646446	2111	2786	0.646446	3.64645	4.35355	3	2111	2136	0.646446	2111	2136	0.646446	2111	2136	0.646446
208	0.131782	4	4	3.5	2136	2812	0.499999	2136	2812	0.499999	2136	2812	0.499999	4	4.11803	3	2136	2137	0.118033	2136	2137	0.118033	2136	2137	0.118033	3.5	4	4	2786	2812	0.499999	2786	2812	0.499999	2786	2812	0.499999
209	0.234507	3.5	4	4	2786	2812	0.499999	2786	2812	0.499999	2786	2812	0.499999	4	4.11803	3	2136	2137	0.118033	2136	2137	0.118033	2136	2137	0.118033	3.28868	4.28868	3.71132	2137	2786	0.711325	2137	2786	0.711325	2137	2786	0.711325
210	0.157001	3	4.35355	3.64645	2111	2786	0.646446	2111	2786	0.646446	2111	2786	0.646446	4	4.11803	3	2136	2137	0.118033	2136	2137	0.118033	2136	2137	0.118033	3.64645	4.35355	3	2111	2136	0.646446	2111	2136	0.646446	2111	2136	0.646446
211	0.128969	3.28868	4.28868	3.71132	2137	2786	0.711325	2137	2786	0.711325	2137	2786	0.711325	4	4.11803	3	2136	2137	0.118033	2136	2137	0.118033	2136	2137	0.118033	3	4.35355	3.64645	2111	2786	0.646446	2111	2786	0.646446	2111	2786	0.646446
212	0.0614366	3	4.35355	3.64645	2111	2786	0.646446	2111	2786	0.646446	2111	2786	0.646446	3	4.11803	4	2786	2787	0.118033	2786	2787	0.118033	2786	2787	0.118033	3.28868	4.28868	3.71132	2137	2786	0.711325	2137	2786	0.711325	2137	2786	0.711325
213	0.0951961	3.28868	4.28868	3.71132	2137	2786	0.711325	2137	2786	0.711325	2137	2786	0.711325	3	4.11803	4	2786	2787	0.118033	2786	2787	0.118033	2786	2787	0.118033	3.5	4	4	2786	2812	0.499999	2786	2812	0.499999	2786	2812	0.499999
214	0.00469442	4	1.88197	3	2133	2134	0.881966	2133	2134	0.881966	2133	2134	0.881966	4.06066	1.93934	3	2134	2159	0.0606599	2134	2159	0.0606599	2134	2159	0.0606599	4	1.88763	3.11237	2134	2809	0.112372	2134	2809	0.112372	2134	2809	0.112372
215	0.00470476	4.06066	1.93934	3	2134	2159	0.0606599	2134	2159	0.0606599	2134	2159	0.0606599	4.11803	2	3	2134	2160	0.118033	2134	2160	0.118033	2134	2160	0.118033	4	1.88763	3.11237	2134	2809	0.112372	2134	2809	0.112372	2134	2809	0.112372
216	0.0368311	4.11803	2	3	2134	2160	0.118033	2134	2160	0.118033	2134	2160	0.118033	4	2	3.5	2134	2810	0.499999	2134	2810	0.499999	2134	2810	0.499999	4	1.88763	3.11237	2134	2809	0.112372	2134	2809	0.112372	2134	2809	0.112372
217	0.165312	4	2	3.5	2134	2810	0.499999	2134	2810	0.499999	2134	2810	0.499999	4.11803	2	3	2134	2160	0.118033	2134	2160	0.118033	2134	2160	0.118033	4.43541	2.56459	3	2135	2160	0.435414	2135	2160	0.435414	2135	2160	0.435414
218	0.155369	4	2.20943	3.79057	2135	2810	0.790569	2135	2810	0.790569	2135	2810	0.790569	4	2	3.5	2134	2810	0.499999	2134	2810	0.499999	2134	2810	0.499999	4.43541	2.56459	3	2135	2160	0.435414	2135	2160	0.435414	2135	2160	0.435414
219	0.0238899	4.35355	3	3.64645	2161	2811	0.646446	2161	2811	0.646446	2161	2811	0.646446	4.11803	3	4	2811	2837	0.118033	2811	2837	0.118033	2811	2837	0.118033	4.11237	2.88763	4	2811	2836	0.112372	2811	2836	0.112372	2811	2836	0.112372
220	0.192918	4.43541	2.56459	3	2135	2160	0.435414	2135	2160	0.435414	2135	2160	0.435414	4.5	3	3	2135	2161	0.499999	2135	2161	0.499999	2135	2161	0.499999	4	2.20943	3.79057	2135	2810	0.790569	2135	2810	0.790569	2135	2810	0.790569
221	0.216981	4	2.20943	3.79057	2135	2810	0.790569	2135	2810	0.790569	2135	2810	0.790569	4.5	3	3	2135	2161	0.499999	2135	2161	0.499999	2135	2161	0.499999	4	2.5	4	2810	2811	0.5	2810	2811	0.5	2810	2811	0.5
222	0.187806	4	2.5	4	2810	2811	0.5	2810	2811	0.5	2810	2811	0.5	4.5	3	3	2135	2161	0.499999	2135	2161	0.499999	2135	2161	0.499999	4.35355	3	3.64645	2161	2811	0.646446	2161	2811	0.646446	2161	2811	0.646446
223	0.0820044	4.35355	3	3.64645	2161	2811	0.646446	2161	2811	0.646446	2161	2811	0.646446	4.11237	2.88763	4	2811	2836	0.112372	2811	2836	0.112372	2811	2836	0.112372	4	2.5	4	2810	2811	0.5	2810	2811	0.5	2810	2811	0.5
224	0.219408	4.5	3	3	2135	2161	0.499999	2135	2161	0.499999	2135	2161	0.499999	4.35355	3.64645	3	2136	2161	0.353553	2136	2161	0.353553	2136	2161	0.353553	4.35355	3	3.64645	2161	2811	0.646446	2161	2811	0.646446	2161	2811	0.646446
225	0.0614366	4.35355	3	3.64645	2161	2811	0.646446	2161	2811	0.646446	2161	2811	0.646446	4.28868	3.28868	3.71132	2162	2811	0.711325	2162	2811	0.711325	2162	2811	0.711325	4.11803	3	4	2811	2837	0.118033	2811	2837	0.118033	2811	2837	0.118033
226	0.157001	4.11803	4	3	2136	2162	0.118033	2136	2162	0.118033	2136	2162	0.118033	4.35355	3	3.64645	2161	2811	0.646446	2161	2811	0.646446	2161	2811	0.646446	4.35355	3.64645	3	2136	2161	0.353553	2136	2161	0.353553	2136	2161	0.353553
227	0.128969	4.28868	3.28868	3.71132	2162	2811	0.711325	2162	2811	0.711325	2162	2811	0.711325	4.35355	3	3.64645	2161	2811	0.646446	2161	2811	0.646446	2161	2811	0.646446	4.11803	4	3	2136	2162	0.118033	2136	2162	0.118033	2136	2162	0.118033
228	0.131782	4	4	3.5	2136	2812	0.499999	2136	2812	0.499999	2136	2812	0.499999	4	3.5	4	2811	2812	0.499999	2811	2812	0.499999	2811	2812	0.499999	4.11803	4	3	2136	2162	0.118033	2136	2162	0.118033	2136	2162	0.118033
229	0.234507	4	3.5	4	2811	2812	0.499999	2811	2812	0.499999	2811	2812	0.499999	4.28868	3.28868	3.71132	2162	2811	0.711325	2162	2811	0.711325	2162	2811	0.711325	4.11803	4	3	2136	2162	0.118033	2136	2162	0.118033	2136	2162	0.118033
230	0.0951961	4.28868	3.28868	3.71132	2162	2811	0.711325	2162	2811	0.711325	2162	2811	0.711325	4	3.5	4	2811	2812	0.499999	2811	2812	0.499999	2811	2812	0.499999	4.11803	3	4	2811	2837	0.118033	2811	2837	0.118033	2811	2837	0.118033
231	0.0423084	4	4.11803	3	2136	2137	0.118033	2136	2137	0.118033	2136	2137	0.118033	4	4	3.5	2136	2812	0.499999	2136	2812	0.499999	2136	2812	0.499999	4.11803	4	3	2136	2162	0.118033	2136	2162	0.118033	2136	2162	0.118033
232	0.00469438	1.93934	3	4.06066	2759	3409	0.0606599	2759	3409	0.0606599	2759	3409	0.0606599	2	2.88763	4.11237	2759	3434	0.112372	2759	3434	0.112372	2759	3434	0.112372	2	3	4.11803	2759	3435	0.118033	2759	3435	0.118033	2759	3435	0.118033
233	0.0178419	2	2.5	4	2758	2759	0.5	2758	2759	0.5	2758	2759	0.5	2	2.88763	4.11237	2759	3434	0.112372	2759	3434	0.112372	2759	3434	0.112372	1.94018	2.94018	4.05982	2759	3408	0.0598164	2759	3408	0.0598164	2759	3408	0.0598164
234	0.0189109	1.88197	3	4	2733	2759	0.881966	2733	2759	0.881966	2733	2759	0.881966	2	2.5	4	2758	2759	0.5	2758	2759	0.5	2758	2759	0.5	1.94018	2.94018	4.05982	2759	3408	0.0598164	2759	3408	0.0598164	2759	3408	0.0598164
235	0.00249769	1.88197	3	4	2733	2759	0.881966	2733	2759	0.881966	2733	2759	0.881966	1.94018	2.94018	4.05982	2759	3408	0.0598164	2759	3408	0.0598164	2759	3408	0.0598164	1.93934	3	4.06066	2759	3409	0.0606599	2759	3409	0.0606599	2759	3409	0.0606599
236	0.00238009	1.94018	2.94018	4.05982	2759	3408	0.0598164	2759	3408	0.0598164	2759	3408	0.0598164	2	2.88763	4.11237	2759	3434	0.112372	2759	3434	0.112372	2759	3434	0.112372	1.93934	3	4.06066	2759	3409	0.0606599	2759	3409	0.0606599	2759	3409	0.0606599
237	0.00469444	1.88197	3	4	2733	2759	0.881966	2733	2759	0.881966	2733	2759	0.881966	1.93934	3	4.06066	2759	3409	0.0606599	2759	3409	0.0606599	2759	3409	0.0606599	1.88763	3.11237	4	2734	2759	0.887627	2734	2759	0.887627	2734	2759	0.887627
238	0.0211784	2	3.5	4	2759	2760	0.499999	2759	2760	0.499999	2759	2760	0.499999	1.93934	3	4.06066	2759	3409	0.0606599	2759	3409	0.0606599	2759	3409	0.0606599	2	3	4.11803	2759	3435	0.118033	2759	3435	0.118033	2759	3435	0.118033
239	0.0204136	1.88763	3.11237	4	2734	2759	0.887627	2734	2759	0.887627	2734	2759	0.887627	1.93934	3	4.06066	2759	3409	0.0606599	2759	3409	0.0606599	2759	3409	0.0606599	2	3.5	4	2759	2760	0.499999	2759	2760	0.499999	2759	2760	0.499999
240	0.00469438	2.88763	2	4.11237	2784	3434	0.112372	2784	3434	0.112372	2784	3434	0.112372	3	1.93934	4.06066	2784	3459	0.0606599	2784	3459	0.0606599	2784	3459	0.0606599	3	2	4.11803	2784	3460	0.118033	2784	3460	0.118033	2784	3460	0.118033
241	0.00249769	3	1.88197	4	2783	2784	0.881966	2783	2784	0.881966	2783	2784	0.881966	3	1.93934	4.06066	2784	3459	0.0606599	2784	3459	0.0606599	2784	3459	0.0606599	2.94018	1.94018	4.05982	2784	3433	0.0598164	2784	3433	0.0598164	2784	3433	0.0598164
242	0.0189109	2.5	2	4	2758	2784	0.5	2758	2784	0.5	2758	2784	0.5	3	1.88197	4	2783	2784	0.881966	2783	2784	0.881966	2783	2784	0.881966	2.94018	1.94018	4.05982	2784	3433	0.0598164	2784	3433	0.0598164	2784	3433	0.0598164
243	0.0178419	2.5	2	4	2758	2784	0.5	2758	2784	0.5	2758	2784	0.5	2.94018	1.94018	4.05982	2784	3433	0.0598164	2784	3433	0.0598164	2784	3433	0.0598164	2.88763	2	4.11237	2784	3434	0.112372	2784	3434	0.112372	2784	3434	0.112372
244	0.00238009	2.94018	1.94018	4.05982	2784	3433	0.0598164	2784	3433	0.0598164	2784	3433	0.0598164	3	1.93934	4.06066	2784	3459	0.0606599	2784	3459	0.0606599	2784	3459	0.0606599	2.88763	2	4.11237	2784	3434	0.112372	2784	3434	0.112372	2784	3434	0.112372
245	0.104735	2.5	2	4	2758	2784	0.5	2758	2784	0.5	2758	2784	0.5	2	2.88763	4.11237	2759	3434	0.112372	2759	3434	0.112372	2759	3434	0.112372	2	2.5	4	2758	2759	0.5	2758	2759	0.5	2758	2759	0.5
246	0.185931	2.88763	2	4.11237	2784	3434	0.112372	2784	3434	0.112372	2784	3434	0.112372	2	2.88763	4.11237	2759	3434	0.112372	2759	3434	0.112372	2759	3434	0.112372	2.5	2	4	2758	2784	0.5	2758	2784	0.5	2758	2784	0.5
247	0.096856	2.56459	3	4.43541	2785	3435	0.435414	2785	3435	0.435414	2785	3435	0.435414	3	2.56459	4.43541	2785	3460	0.435414	2785	3460	0.435414	2785	3460	0.435414	3	3	4.5	2785	3461	0.499999	2785	3461	0.499999	2785	3461	0.499999
248	0.0379488	2.88763	2	4.11237	2784	3434	0.112372	2784	3434	0.112372	2784	3434	0.112372	3	2	4.11803	2784	3460	0.118033	2784	3460	0.118033	2784	3460	0.118033	2.60685	2.60685	4.39315	2785	3434	0.393149	2785	3434	0.393149	2785	3434	0.393149
249	0.128674	2.60685	2.60685	4.39315	2785	3434	0.393149	2785	3434	0.393149	2785	3434	0.393149	3	2	4.11803	2784	3460	0.118033	2784	3460	0.118033	2784	3460	0.118033	3	2.56459	4.43541	2785	3460	0.435414	2785	3460	0.435414	2785	3460	0.435414
250	0.228034	2	2.88763	4.11237	2759	3434	0.112372	2759	3434	0.112372	2759	3434	0.112372	2.88763	2	4.11237	2784	3434	0.112372	2784	3434	0.112372	2784	3434	0.112372	2.60685	2.60685	4.39315	2785	3434	0.393149	2785	3434	0.393149	2785	3434	0.393149
251	0.0379488	2	3	4.11803	2759	3435	0.118033	2759	3435	0.118033	2759	3435	0.118033	2	2.88763	4.11237	2759	3434	0.112372	2759	3434	0.112372	2759	3434	0.112372	2.60685	2.60685	4.39315	2785	3434	0.393149	2785	3434	0.393149	2785	3434	0.393149
252	0.128674	2.56459	3	4.43541	2785	3435	0.435414	2785	3435	0.435414	2785	3435	0.435414	2	3	4.11803	2759	3435	0.118033	2759	3435	0.118033	2759	3435	0.118033	2.60685	2.60685	4.39315	2785	3434	0.393149	2785	3434	0.393149	2785	3434	0.393149
253	0.0774905	2.60685	2.60685	4.39315	2785	3434	0.393149	2785	3434	0.393149	2785	3434	0.393149	3	2.56459	4.43541	2785	3460	0.435414	2785	3460	0.435414	2785	3460	0.435414	2.56459	3	4.43541	2785	3435	0.435414	2785	3435	0.435414	2785	3435	0.435414
254	0.165312	2	3	4.11803	2759	3435	0.118033	2759	3435	0.118033	2759	3435	0.118033	2.56459	3	4.43541	2785	3435	0.435414	2785	3435	0.435414	2785	3435	0.435414	2	3.5	4	2759	2760	0.499999	2759	2760	0.499999	2759	2760	0.499999
255	0.155369	2.56459	3	4.43541	2785	3435	0.435414	2785	3435	0.435414	2785	3435	0.435414	2.20943	3.79057	4	2760	2785	0.20943	2760	2785	0.20943	2760	2785	0.20943	2	3.5	4	2759	2760	0.499999	2759	2760	0.499999	2759	2760	0.499999
256	0.0238898	2.88763	4	4.11237	2786	3436	0.112372	2786	3436	0.112372	2786	3436	0.112372	3	3.64645	4.35355	2786	3461	0.353553	2786	3461	0.353553	2786	3461	0.353553	3	4	4.11803	2786	3462	0.118033	2786	3462	0.118033	2786	3462	0.118033
257	0.160796	2.56459	3	4.43541	2785	3435	0.435414	2785	3435	0.435414	2785	3435	0.435414	3	3	4.5	2785	3461	0.499999	2785	3461	0.499999	2785	3461	0.499999	2.71133	3.71133	4.28867	2786	3435	0.288675	2786	3435	0.288675	2786	3435	0.288675
258	0.0970359	2.71133	3.71133	4.28867	2786	3435	0.288675	2786	3435	0.288675	2786	3435	0.288675	3	3	4.5	2785	3461	0.499999	2785	3461	0.499999	2785	3461	0.499999	3	3.64645	4.35355	2786	3461	0.353553	2786	3461	0.353553	2786	3461	0.353553
259	0.170878	2.5	4	4	2760	2786	0.5	2760	2786	0.5	2760	2786	0.5	2.20943	3.79057	4	2760	2785	0.20943	2760	2785	0.20943	2760	2785	0.20943	2.56459	3	4.43541	2785	3435	0.435414	2785	3435	0.435414	2785	3435	0.435414
260	0.131408	2.71133	3.71133	4.28867	2786	3435	0.288675	2786	3435	0.288675	2786	3435	0.288675	2.5	4	4	2760	2786	0.5	2760	2786	0.5	2760	2786	0.5	2.56459	3	4.43541	2785	3435	0.435414	2785	3435	0.435414	2785	3435	0.435414
261	0.0730482	2.5	4	4	2760	2786	0.5	2760	2786	0.5	2760	2786	0.5	2.71133	3.71133	4.28867	2786	3435	0.288675	2786	3435	0.288675	2786	3435	0.288675	2.88763	4	4.11237	2786	3436	0.112372	2786	3436	0.112372	2786	3436	0.112372
262	0.0568333	2.71133	3.71133	4.28867	2786	3435	0.288675	2786	3435	0.288675	2786	3435	0.288675	3	3.64645	4.35355	2786	3461	0.353553	2786	3461	0.353553	2786	3461	0.353553	2.88763	4	4.11237	2786	3436	0.112372	2786	3436	0.112372	2786	3436	0.112372
263	0.0314411	2.5	4	4	2760	2786	0.5	2760	2786	0.5	2760	2786	0.5	2.88763	4	4.11237	2786	3436	0.112372	2786	3436	0.112372	2786	3436	0.112372	2.88763	4.11237	4	2761	2786	0.887627	2761	2786	0.887627	2761	2786	0.887627
264	0.0093848	3	4.11803	4	2786	2787	0.118033	2786	2787	0.118033	2786	2787	0.118033	2.88763	4	4.11237	2786	3436	0.112372	2786	3436	0.112372	2786	3436	0.112372	3	4	4.11803	2786	3462	0.118033	2786	3462	0.118033	2786	3462	0.118033
265	0.00893475	2.88763	4.11237	4	2761	2786	0.887627	2761	2786	0.887627	2761	2786	0.887627	2.88763	4	4.11237	2786	3436	0.112372	2786	3436	0.112372	2786	3436	0.112372	3	4.11803	4	2786	2787	0.118033	2786	2787	0.118033	2786	2787	0.118033
266	0.00469442	3	1.88197	4	2783	2784	0.881966	2783	2784	0.881966	2783	2784	0.881966	3.11237	1.88763	4	2784	2809	0.112372	2784	2809	0.112372	2784	2809	0.112372	3	1.93934	4.06066	2784	3459	0.0606599	2784	3459	0.0606599	2784	3459	0.0606599
267	0.0204135	3.11237	1.88763	4	2784	2809	0.112372	2784	2809	0.112372	2784	2809	0.112372	3.5	2	4	2784	2810	0.499999	2784	2810	0.499999	2784	2810	0.499999	3	1.93934	4.06066	2784	3459	0.0606599	2784	3459	0.0606599	2784	3459	0.0606599
268	0.0211784	3.5	2	4	2784	2810	0.499999	2784	2810	0.499999	2784	2810	0.499999	3	2	4.11803	2784	3460	0.118033	2784	3460	0.118033	2784	3460	0.118033	3	1.93934	4.06066	2784	3459	0.0606599	2784	3459	0.0606599	2784	3459	0.0606599
269	0.165312	3	2	4.11803	2784	3460	0.118033	2784	3460	0.118033	2784	3460	0.118033	3.5	2	4	2784	2810	0.499999	2784	2810	0.499999	2784	2810	0.499999	3	2.56459	4.43541	2785	3460	0.435414	2785	3460	0.435414	2785	3460	0.435414
270	0.155369	3	2.56459	4.43541	2785	3460	0.435414	2785	3460	0.435414	2785	3460	0.435414	3.5	2	4	2784	2810	0.499999	2784	2810	0.499999	2784	2810	0.499999	3.79057	2.20943	4	2785	2810	0.790569	2785	2810	0.790569	2785	2810	0.790569
271	0.0238898	3.64645	3	4.35355	2811	3461	0.353553	2811	3461	0.353553	2811	3461	0.353553	4	2.88763	4.11237	2811	3486	0.112372	2811	3486	0.112372	2811	3486	0.112372	4	3	4.11803	2811	3487	0.118033	2811	3487	0.118033	2811	3487	0.118033
272	0.0730482	4	2.5	4	2810	2811	0.5	2810	2811	0.5	2810	2811	0.5	4	2.88763	4.11237	2811	3486	0.112372	2811	3486	0.112372	2811	3486	0.112372	3.71133	2.71133	4.28867	2811	3460	0.288675	2811	3460	0.288675	2811	3460	0.288675
273	0.170877	3	2.56459	4.43541	2785	3460	0.435414	2785	3460	0.435414	2785	3460	0.435414	3.79057	2.20943	4	2785	2810	0.790569	2785	2810	0.790569	2785	2810	0.790569	4	2.5	4	2810	2811	0.5	2810	2811	0.5	2810	2811	0.5
274	0.131408	3.71133	2.71133	4.28867	2811	3460	0.288675	2811	3460	0.288675	2811	3460	0.288675	3	2.56459	4.43541	2785	3460	0.435414	2785	3460	0.435414	2785	3460	0.435414	4	2.5	4	2810	2811	0.5	2810	2811	0.5	2810	2811	0.5
275	0.160796	3	3	4.5	2785	3461	0.499999	2785	3461	0.499999	2785	3461	0.499999	3	2.56459	4.43541	2785	3460	0.435414	2785	3460	0.435414	2785	3460	0.435414	3.71133	2.71133	4.28867	2811	3460	0.288675	2811	3460	0.288675	2811	3460	0.288675
276	0.0970359	3.64645	3	4.35355	2811	3461	0.353553	2811	3461	0.353553	2811	3461	0.353553	3	3	4.5	2785	3461	0.499999	2785	3461	0.499999	2785	3461	0.499999	3.71133	2.71133	4.28867	2811	3460	0.288675	2811	3460	0.288675	2811	3460	0.288675
277	0.0568333	3.71133	2.71133	4.28867	2811	3460	0.288675	2811	3460	0.288675	2811	3460	0.288675	4	2.88763	4.11237	2811	3486	0.112372	2811	3486	0.112372	2811	3486	0.112372	3.64645	3	4.35355	2811	3461	0.353553	2811	3461	0.353553	2811	3461	0.353553
278	0.219408	3	3	4.5	2785	3461	0.499999	2785	3461	0.499999	2785	3461	0.499999	3.64645	3	4.35355	2811	3461	0.353553	2811	3461	0.353553	2811	3461	0.353553	3	3.64645	4.35355	2786	3461	0.353553	2786	3461	0.353553	2786	3461	0.353553
279	0.108234	4	3.5	4	2811	2812	0.499999	2811	2812	0.499999	2811	2812	0.499999	3.64645	3	4.35355	2811	3461	0.353553	2811	3461	0.353553	2811	3461	0.353553	4	3	4.11803	2811	3487	0.118033	2811	3487	0.118033	2811	3487	0.118033
280	0.319738	3.5	4	4	2786	2812	0.499999	2786	2812	0.499999	2786	2812	0.499999	3	3.64645	4.35355	2786	3461	0.353553	2786	3461	0.353553	2786	3461	0.353553	3.64645	3	4.35355	2811	3461	0.353553	2811	3461	0.353553	2811	3461	0.353553
281	0.247305	4	3.5	4	2811	2812	0.499999	2811	2812	0.499999	2811	2812	0.499999	3.5	4	4	2786	2812	0.499999	2786	2812	0.499999	2786	2812	0.499999	3.64645	3	4.35355	2811	3461	0.353553	2811	3461	0.353553	2811	3461	0.353553
282	0.108234	3.5	4	4	2786	2812	0.499999	2786	2812	0.499999	2786	2812	0.499999	3	4	4.11803	2786	3462	0.118033	2786	3462	0.118033	2786	3462	0.118033	3	3.64645	4.35355	2786	3461	0.353553	2786	3461	0.353553	2786	3461	0.353553
283	0.0423084	3	4.11803	4	2786	2787	0.118033	2786	2787	0.118033	2786	2787	0.118033	3	4	4.11803	2786	3462	0.118033	2786	3462	0.118033	2786	3462	0.118033	3.5	4	4	2786	2812	0.499999	2786	2812	0.499999	2786	2812	0.499999
284	0.0314411	4	2.5	4	2810	2811	0.5	2810	2811	0.5	2810	2811	0.5	4.11237	2.88763	4	2811	2836	0.112372	2811	2836	0.112372	2811	2836	0.112372	4	2.88763	4.11237	2811	3486	0.112372	2811	3486	0.112372	2811	3486	0.112372
285	0.00893469	4.11237	2.88763	4	2811	2836	0.112372	2811	2836	0.112372	2811	2836	0.112372	4.11803	3	4	2811	2837	0.118033	2811	2837	0.118033	2811	2837	0.118033	4	2.88763	4.11237	2811	3486	0.112372	2811	3486	0.112372	2811	3486	0.112372
286	0.0093848	4.11803	3	4	2811	2837	0.118033	2811	2837	0.118033	2811	2837	0.118033	4	3	4.11803	2811	3487	0.118033	2811	3487	0.118033	2811	3487	0.118033	4	2.88763	4.11237	2811	3486	0.112372	2811	3486	0.112372	2811	3486	0.112372
287	0.0423084	4	3.5	4	2811	2812	0.499999	2811	2812	0.499999	2811	2812	0.499999	4	3	4.11803	2811	3487	0.118033	2811	3487	0.118033	2811	3487	0.118033	4.11803	3	4	2811	2837	0.118033	2811	2837	0.118033	2811	2837	0.118033
